2 0.867188 0.437500 0.190625 0.143750
2 0.864844 0.204687 0.179688 0.121875
2 0.861719 0.675781 0.204687 0.132812
2 0.858594 0.902344 0.229687 0.160938
2 0.682031 0.339062 0.217188 0.171875
2 0.665625 0.799219 0.231250 0.173437
2 0.664844 0.585938 0.260937 0.187500
2 0.661719 0.127344 0.192188 0.142187
2 0.442188 0.228906 0.268750 0.173437
2 0.431250 0.457031 0.243750 0.164062
2 0.430469 0.910937 0.223438 0.140625
2 0.426563 0.689063 0.234375 0.150000
2 0.213281 0.121094 0.264062 0.201563
2 0.198437 0.609375 0.290625 0.200000
2 0.193750 0.835938 0.284375 0.196875
2 0.193750 0.367969 0.306250 0.204687
